0 0.3234375 0.73203125 0.1 0.1
0 0.27890625 0.64453125 0.0265625 0.02734375
0 0.04765625 0.2609375 0.04765625 0.06015625
0 0.28671875 0.47890625 0.01953125 0.0171875
0 0.66484375 0.34609375 0.02265625 0.02890625
0 0.14453125 0.56953125 0.01796875 0.01875
0 0.6890625 0.5421875 0.0140625 0.0234375
0 0.73359375 0.51875 0.02421875 0.03125
0 0.95390625 0.03984375 0.0921875 0.059375
0 0.82734375 0.15703125 0.015625 0.02109375
0 0.67421875 0.15703125 0.0125 0.0171875
0 0.32421875 0.04140625 0.0109375 0.01875